0.000000000000000000e+00 1.963658378713749819e+00
3.906250000000000000e-03 4.690568667783904244e-01
7.812500000000000000e-03 2.312485966063797083e+00
1.171875000000000000e-02 9.103254971234193693e-01
1.562500000000000000e-02 -3.104112746796899858e-01
1.953125000000000000e-02 -3.282575422160368128e-01
2.343750000000000000e-02 1.779917457403783487e+00
2.734375000000000000e-02 -3.578590054134772047e-01
3.125000000000000000e-02 1.532153939111978058e+00
3.515625000000000000e-02 -1.458631027617510512e+00
3.906250000000000000e-02 -5.417827520064919522e-01
4.296875000000000000e-02 -1.641254312931082815e+00
4.687500000000000000e-02 -3.744932707108484804e-01
5.078125000000000000e-02 -1.535124181539858856e+00
5.468750000000000000e-02 -3.024753470966207169e-01
5.859375000000000000e-02 -1.322903022199573231e+00
6.250000000000000000e-02 4.064375251895526731e-01
6.640625000000000000e-02 -6.183487504360896114e-02
7.031250000000000000e-02 -1.214498537221489372e+00
7.421875000000000000e-02 2.375209143100418085e+00
7.812500000000000000e-02 4.226406169120585643e-01
8.203125000000000000e-02 -9.640762145810456429e-01
8.593750000000000000e-02 1.897453136199453105e+00
8.984375000000000000e-02 6.990238592540870544e-01
9.375000000000000000e-02 9.871242963531928760e-01
9.765625000000000000e-02 2.545292522729369011e+00
1.015625000000000000e-01 -4.170160754098735101e-01
1.054687500000000000e-01 1.310140689436656736e+00
1.093750000000000000e-01 1.030055797325001077e+00
1.132812500000000000e-01 -7.455266543817696823e-01
1.171875000000000000e-01 6.906377734934682211e-01
1.210937500000000000e-01 9.998380753450065717e-01
1.250000000000000000e-01 9.801363467842437727e-01
1.289062500000000000e-01 -4.433203121197752949e-01
1.328125000000000000e-01 -8.387288216535453422e-01
1.367187500000000000e-01 6.455768323850348267e-01
1.406250000000000000e-01 -1.719301933531984794e-01
1.445312500000000000e-01 -2.471384577978311903e+00
1.484375000000000000e-01 -7.386211823722359515e-01
1.523437500000000000e-01 -1.068458039809808691e+00
1.562500000000000000e-01 -9.114101337554875171e-01
1.601562500000000000e-01 2.792969764609277705e-01
1.640625000000000000e-01 6.490463953958455212e-01
1.679687500000000000e-01 1.885105783255132339e+00
1.718750000000000000e-01 1.428757103243611493e+00
1.757812500000000000e-01 -6.707749784696209749e-01
1.796875000000000000e-01 1.270896039673013567e+00
1.835937500000000000e-01 4.359785715048025700e-01
1.875000000000000000e-01 3.774612362342320004e-01
1.914062500000000000e-01 1.090534175541395534e+00
1.953125000000000000e-01 3.788352825297172100e-01
1.992187500000000000e-01 3.464270966984087652e-01
2.031250000000000000e-01 1.415626719678959811e+00
2.070312500000000000e-01 -6.461781473343151116e-01
2.109375000000000000e-01 4.599490565567219136e-01
2.148437500000000000e-01 2.325378051457067663e+00
2.187500000000000000e-01 1.060840910835930684e+00
2.226562500000000000e-01 2.166177064421137555e-02
2.265625000000000000e-01 1.301622357686013309e+00
2.304687500000000000e-01 -9.616477444967352906e-01
2.343750000000000000e-01 3.792714557935060737e-01
2.382812500000000000e-01 -1.624874373349567414e+00
2.421875000000000000e-01 -1.447438536149733057e+00
2.460937500000000000e-01 4.639383599438844374e-01
2.500000000000000000e-01 -1.412561541585359182e+00
2.539062500000000000e-01 -8.830637524442437325e-01
2.578125000000000000e-01 -1.071808340010529603e+00
2.617187500000000000e-01 -9.305058222628226350e-01
2.656250000000000000e-01 8.834846578847141974e-01
2.695312500000000000e-01 9.450716743787332952e-01
2.734375000000000000e-01 -4.588276893271102108e-01
2.773437500000000000e-01 -2.172600582103645372e-02
2.812500000000000000e-01 2.442516367127914645e+00
2.851562500000000000e-01 1.617333292766431674e+00
2.890625000000000000e-01 7.959030039216136165e-01
2.929687500000000000e-01 1.198250276317582186e+00
2.968750000000000000e-01 -1.252688870108853436e-01
3.007812500000000000e-01 2.890400161267407064e+00
3.046875000000000000e-01 -3.058256837016937180e-02
3.085937500000000000e-01 2.782483608062051861e-01
3.125000000000000000e-01 5.488910077958010225e-01
3.164062500000000000e-01 5.908806430183858316e-01
3.203125000000000000e-01 1.670856159741626268e+00
3.242187500000000000e-01 -8.400124715074972492e-01
3.281250000000000000e-01 -7.921446611207610955e-01
3.320312500000000000e-01 -1.172844568721217895e+00
3.359375000000000000e-01 -1.165750728703282668e+00
3.398437500000000000e-01 -1.800067472138888292e+00
3.437500000000000000e-01 -4.818663060213961291e-01
3.476562500000000000e-01 -2.412449730134962333e-01
3.515625000000000000e-01 -1.819298939644662383e+00
3.554687500000000000e-01 -1.226751162818040530e+00
3.593750000000000000e-01 -2.675554832475923739e+00
3.632812500000000000e-01 -2.775070753692644443e-01
3.671875000000000000e-01 -9.571522088731625466e-01
3.710937500000000000e-01 -1.837310375110557947e+00
3.750000000000000000e-01 2.199992777422475898e-01
3.789062500000000000e-01 6.014005049019768290e-01
3.828125000000000000e-01 3.374022337780693270e-01
3.867187500000000000e-01 1.207367993303602116e+00
3.906250000000000000e-01 1.016886556793494600e+00
3.945312500000000000e-01 9.426931108365790291e-01
3.984375000000000000e-01 3.213069373828710829e-01
4.023437500000000000e-01 5.500113626940913436e-01
4.062500000000000000e-01 1.402257656758434612e+00
4.101562500000000000e-01 2.632044067817959743e+00
4.140625000000000000e-01 5.879229725569379283e-01
4.179687500000000000e-01 3.287266402976141144e-01
4.218750000000000000e-01 1.884048646054260256e+00
4.257812500000000000e-01 1.113717041818916564e-03
4.296875000000000000e-01 -1.024278465346022404e-01
4.335937500000000000e-01 5.933468242503882051e-01
4.375000000000000000e-01 4.548342562536156208e-01
4.414062500000000000e-01 -1.597318211480695860e+00
4.453125000000000000e-01 1.019052772323223444e-01
4.492187500000000000e-01 -8.616137579531993884e-01
4.531250000000000000e-01 -1.756101500647182512e+00
4.570312500000000000e-01 -3.064032539482023365e-01
4.609375000000000000e-01 1.040560699587866900e-01
4.648437500000000000e-01 -3.951431144432837606e-01
4.687500000000000000e-01 -1.308950460336169019e+00
4.726562500000000000e-01 -1.897881065567583292e+00
4.765625000000000000e-01 9.934272443794487373e-01
4.804687500000000000e-01 1.460866272323573245e+00
4.843750000000000000e-01 8.333773341368220233e-01
4.882812500000000000e-01 1.930459871490393331e+00
4.921875000000000000e-01 8.549775968476845955e-01
4.960937500000000000e-01 9.552588476782970517e-01
5.000000000000000000e-01 1.205779150673095268e-01
5.039062500000000000e-01 1.527762430339355326e+00
5.078125000000000000e-01 1.092485400554224162e+00
5.117187500000000000e-01 1.626420201174817448e+00
5.156250000000000000e-01 3.084848145543149234e-01
5.195312500000000000e-01 -4.268558745720615888e-01
5.234375000000000000e-01 8.026762477530599016e-01
5.273437500000000000e-01 7.234606005137347307e-01
5.312500000000000000e-01 -1.149844210209398643e+00
5.351562500000000000e-01 -2.265980939209703671e+00
5.390625000000000000e-01 -1.058089703578620311e+00
5.429687500000000000e-01 -5.197678370815164151e-01
5.468750000000000000e-01 9.547289802762704003e-02
5.507812500000000000e-01 -8.073379593868292847e-01
5.546875000000000000e-01 8.570285362373180060e-01
5.585937500000000000e-01 -5.597525660303493966e-01
5.625000000000000000e-01 -9.382072844982887183e-01
5.664062500000000000e-01 -1.978637242318359579e-02
5.703125000000000000e-01 -9.952472864442873934e-01
5.742187500000000000e-01 -4.114298675631655744e-01
5.781250000000000000e-01 -2.341674225816270938e-01
5.820312500000000000e-01 -1.078749206582909403e+00
5.859375000000000000e-01 2.654170531983085723e+00
5.898437500000000000e-01 -7.510274641220613390e-01
5.937500000000000000e-01 1.322529422415968270e+00
5.976562500000000000e-01 1.710169978475316377e+00
6.015625000000000000e-01 -4.360750788434208935e-01
6.054687500000000000e-01 4.517799061825710782e-01
6.093750000000000000e-01 -8.503521993740954521e-01
6.132812500000000000e-01 2.270255065382452919e+00
6.171875000000000000e-01 -8.145355998804197917e-01
6.210937500000000000e-01 6.283973175303785297e-01
6.250000000000000000e-01 -3.808517191819781877e-01
6.289062500000000000e-01 -1.360427531153315384e+00
6.328125000000000000e-01 1.278888228713624065e+00
6.367187500000000000e-01 -1.314266615259580107e+00
6.406250000000000000e-01 1.513096128912727600e+00
6.445312500000000000e-01 -2.661386927701296479e+00
6.484375000000000000e-01 -6.600112256003237698e-01
6.523437500000000000e-01 -9.141648250132856646e-01
6.562500000000000000e-01 1.846644435386748384e-01
6.601562500000000000e-01 6.767065760637976934e-01
6.640625000000000000e-01 -7.552139055799770295e-01
6.679687500000000000e-01 -1.253032051728884877e+00
6.718750000000000000e-01 7.297934856987257080e-01
6.757812500000000000e-01 -4.399474074573473947e-01
6.796875000000000000e-01 4.059683355805386862e-01
6.835937500000000000e-01 1.201862706377374579e+00
6.875000000000000000e-01 -3.473810557553848044e-01
6.914062500000000000e-01 -4.175429572550912738e-01
6.953125000000000000e-01 1.206409244635795464e+00
6.992187500000000000e-01 1.090993199576928863e+00
7.031250000000000000e-01 7.366040683075358864e-01
7.070312500000000000e-01 4.695589607410007860e-01
7.109375000000000000e-01 1.849695911314782615e-01
7.148437500000000000e-01 9.910753492681496635e-01
7.187500000000000000e-01 -4.167926048970086450e-01
7.226562500000000000e-01 -2.278903275760824521e+00
7.265625000000000000e-01 -4.244449196512650180e-01
7.304687500000000000e-01 -4.516871554057056426e-01
7.343750000000000000e-01 2.414896721522580281e-01
7.382812500000000000e-01 -1.055835429582060669e+00
7.421875000000000000e-01 -2.201332683764371190e+00
7.460937500000000000e-01 -2.091721666574231087e+00
7.500000000000000000e-01 -5.959943184787053205e-01
7.539062500000000000e-01 -6.121571291630456546e-01
7.578125000000000000e-01 2.863079250917930363e-01
7.617187500000000000e-01 -1.186370958759632943e+00
7.656250000000000000e-01 -2.309359642698626480e+00
7.695312500000000000e-01 -1.103239509111877403e-01
7.734375000000000000e-01 -1.271467581706511307e+00
7.773437500000000000e-01 -1.551024944891016055e+00
7.812500000000000000e-01 1.511354696535484488e+00
7.851562500000000000e-01 4.380018770367408720e-01
7.890625000000000000e-01 7.454344543672367651e-01
7.929687500000000000e-01 1.792944270005294438e-01
7.968750000000000000e-01 3.749130418618944471e-01
8.007812500000000000e-01 8.720856459729999788e-01
8.046875000000000000e-01 2.140421162071757699e+00
8.085937500000000000e-01 -2.667361150090955535e-01
8.125000000000000000e-01 -1.041353574846626273e+00
8.164062500000000000e-01 1.284664032556899427e+00
8.203125000000000000e-01 -7.489037230097150832e-01
8.242187500000000000e-01 1.001943271769201393e+00
8.281250000000000000e-01 1.001890718773676969e+00
8.320312500000000000e-01 -3.537621253878603378e-02
8.359375000000000000e-01 -1.170347356951584317e+00
8.398437500000000000e-01 2.303208976112525175e-02
8.437500000000000000e-01 -1.841974986454860019e+00
8.476562500000000000e-01 -5.480819147007032210e-01
8.515625000000000000e-01 -2.234724951656781755e+00
8.554687500000000000e-01 -1.103657211053206133e+00
8.593750000000000000e-01 -1.102879214065197511e+00
8.632812500000000000e-01 -2.013040761934939971e-01
8.671875000000000000e-01 5.406063821665760827e-01
8.710937500000000000e-01 -2.194404595131462798e-01
8.750000000000000000e-01 -1.262986976018522778e-01
8.789062500000000000e-01 -1.791284912222242676e-01
8.828125000000000000e-01 6.034045014646690630e-01
8.867187500000000000e-01 1.616490166969078768e+00
8.906250000000000000e-01 1.333890917781713759e-01
8.945312500000000000e-01 1.513589647674800087e-01
8.984375000000000000e-01 2.049536404692797298e+00
9.023437500000000000e-01 1.095960413055450333e+00
9.062500000000000000e-01 7.073757286355841778e-01
9.101562500000000000e-01 1.663754645026418455e+00
9.140625000000000000e-01 4.455837998002347700e-01
9.179687500000000000e-01 7.703436649018557958e-02
9.218750000000000000e-01 1.079550970121529785e+00
9.257812500000000000e-01 3.030964265249944667e-01
9.296875000000000000e-01 -3.195719447408828517e-01
9.335937500000000000e-01 -1.109689607016038693e+00
9.375000000000000000e-01 -1.350449332539966019e+00
9.414062500000000000e-01 1.032970079723713130e+00
9.453125000000000000e-01 -4.444420810445760539e-01
9.492187500000000000e-01 -2.946597422232279939e+00
9.531250000000000000e-01 -1.576992879507417733e+00
9.570312500000000000e-01 -1.023232771465595103e+00
9.609375000000000000e-01 -1.661566357649458592e+00
9.648437500000000000e-01 -1.375194736195201495e+00
9.687500000000000000e-01 -5.874405745575088655e-01
9.726562500000000000e-01 -5.324409051054902475e-01
9.765625000000000000e-01 -1.523620586342373961e+00
9.804687500000000000e-01 2.438139664822059349e-01
9.843750000000000000e-01 6.020298828633121602e-01
9.882812500000000000e-01 3.830917694884319880e-01
9.921875000000000000e-01 1.032625456672669584e+00
9.960937500000000000e-01 1.455342628029751673e+00
